R:1 	[ 4.00,  3.00,  3.00,  2.00,  2.00,  5.00,  4.00,  D: 0.00]
R:2 	[ 2.00,  3.00,  3.00,  2.00,  2.00,  5.00,  5.00,  D: 1.00]
R:3 	[ 2.00,  1.00,  2.00,  3.00,  2.00,  3.00,  3.00,  D: 1.00]
R:4 	[ 2.00,  3.00,  6.00,  2.00,  2.00,  6.00,  6.00,  D: 0.00]
R:5 	[ 1.00,  4.00,  6.00,  6.00,  4.00,  1.00,  1.00,  D: 0.00]
R:6 	[ 2.00,  4.00,  6.00,  4.00,  3.00,  2.00,  1.00,  D: 0.00]
R:7 	[ 1.00,  5.00,  4.00,  5.00,  3.00,  3.00,  3.00,  D: 0.00]
R:8 	[ 2.00,  4.00,  4.00,  4.00,  3.00,  3.00,  1.00,  D: 0.00]
R:9 	[ 2.00,  3.00,  3.00,  2.00,  5.00,  3.00,  4.00,  D: 0.00]
R:10	 [ 2.00,  4.00,  3.00,  2.00,  2.00,  4.00,  1.00,  D: 1.00]
R:11	 [ 2.00,  3.00,  3.00,  3.00,  3.00,  2.00,  3.00,  D: 0.00]
R:12	 [ 1.00,  3.00,  5.00,  3.00,  3.00,  1.00,  4.00,  D: 1.00]
R:13	 [ 2.00,  4.00,  1.00,  2.00,  3.00,  4.00,  2.00,  D: 0.00]
R:14	 [ 2.00,  3.00,  5.00,  4.00,  2.00,  3.00,  2.00,  D: 0.00]
R:15	 [ 4.00,  4.00,  1.00,  2.00,  1.00,  3.00,  4.00,  D: 1.00]
R:16	 [ 2.00,  3.00,  3.00,  2.00,  2.00,  3.00,  1.00,  D: 1.00]
R:17	 [ 2.00,  4.00,  3.00,  2.00,  1.00,  4.00,  3.00,  D: 0.00]
R:18	 [ 2.00,  2.00,  2.00,  2.00,  1.00,  4.00,  4.00,  D: 1.00]
R:19	 [ 4.00,  3.00,  4.00,  3.00,  2.00,  4.00,  4.00,  D: 1.00]
R:20	 [ 2.00,  2.00,  4.00,  4.00,  3.00,  3.00,  3.00,  D: 0.00]
R:21	 [ 4.00,  3.00,  5.00,  4.00,  3.00,  4.00,  4.00,  D: 0.00]
R:22	 [ 1.00,  4.00,  4.00,  3.00,  3.00,  1.00,  1.00,  D: 0.00]
R:23	 [ 4.00,  2.00,  5.00,  3.00,  2.00,  5.00,  5.00,  D: 0.00]
R:24	 [ 4.00,  4.00,  5.00,  3.00,  2.00,  4.00,  5.00,  D: 0.00]
R:25	 [ 1.00,  4.00,  3.00,  2.00,  2.00,  4.00,  3.00,  D: 0.00]
R:26	 [ 2.00,  4.00,  3.00,  2.00,  2.00,  5.00,  3.00,  D: 0.00]
R:27	 [ 2.00,  4.00,  4.00,  3.00,  3.00,  1.00,  1.00,  D: 0.00]
R:28	 [ 4.00,  5.00,  4.00,  3.00,  3.00,  3.00,  4.00,  D: 1.00]
R:29	 [ 1.00,  3.00,  6.00,  5.00,  5.00,  3.00,  4.00,  D: 0.00]
R:30	 [ 5.00,  4.00,  3.00,  2.00,  3.00,  4.00,  4.00,  D: 0.00]
R:31	 [ 2.00,  3.00,  3.00,  2.00,  1.00,  4.00,  3.00,  D: 0.00]
R:32	 [ 2.00,  2.00,  2.00,  2.00,  2.00,  5.00,  6.00,  D: 1.00]
R:33	 [ 2.00,  3.00,  5.00,  6.00,  5.00,  1.00,  3.00,  D: 0.00]
R:34	 [ 1.00,  3.00,  4.00,  5.00,  5.00,  1.00,  2.00,  D: 0.00]
R:35	 [ 1.00,  4.00,  6.00,  3.00,  3.00,  3.00,  1.00,  D: 1.00]
R:36	 [ 2.00,  2.00,  4.00,  2.00,  2.00,  4.00,  5.00,  D: 1.00]
R:37	 [ 4.00,  3.00,  1.00,  1.00,  1.00,  4.00,  4.00,  D: 1.00]
R:38	 [ 1.00,  3.00,  3.00,  2.00,  2.00,  4.00,  2.00,  D: 0.00]
R:39	 [ 2.00,  4.00,  3.00,  2.00,  2.00,  3.00,  2.00,  D: 0.00]
R:40	 [ 2.00,  1.00,  5.00,  3.00,  2.00,  4.00,  4.00,  D: 1.00]
R:41	 [ 2.00,  3.00,  2.00,  2.00,  2.00,  3.00,  3.00,  D: 0.00]
R:42	 [ 1.00,  3.00,  4.00,  5.00,  3.00,  3.00,  3.00,  D: 0.00]
R:43	 [ 1.00,  4.00,  5.00,  3.00,  3.00,  4.00,  4.00,  D: 1.00]
R:44	 [ 2.00,  2.00,  3.00,  2.00,  1.00,  6.00,  6.00,  D: 1.00]
R:45	 [ 2.00,  3.00,  3.00,  2.00,  2.00,  4.00,  1.00,  D: 0.00]
R:46	 [ 2.00,  3.00,  3.00,  2.00,  2.00,  6.00,  3.00,  D: 0.00]
R:47	 [ 2.00,  4.00,  4.00,  5.00,  3.00,  1.00,  2.00,  D: 1.00]
R:48	 [ 2.00,  4.00,  4.00,  2.00,  2.00,  6.00,  5.00,  D: 0.00]
R:49	 [ 4.00,  4.00,  4.00,  6.00,  3.00,  2.00,  3.00,  D: 1.00]
R:50	 [ 4.00,  3.00,  4.00,  3.00,  2.00,  4.00,  3.00,  D: 0.00]
R:51	 [ 2.00,  3.00,  5.00,  2.00,  2.00,  5.00,  6.00,  D: 0.00]
R:52	 [ 2.00,  5.00,  4.00,  3.00,  3.00,  3.00,  2.00,  D: 1.00]
R:53	 [ 1.00,  5.00,  3.00,  2.00,  3.00,  3.00,  3.00,  D: 1.00]
R:54	 [ 2.00,  2.00,  4.00,  4.00,  3.00,  1.00,  3.00,  D: 0.00]
R:55	 [ 4.00,  4.00,  3.00,  3.00,  2.00,  3.00,  3.00,  D: 1.00]
R:56	 [ 2.00,  5.00,  3.00,  3.00,  2.00,  4.00,  3.00,  D: 1.00]
R:57	 [ 2.00,  3.00,  6.00,  6.00,  4.00,  1.00,  3.00,  D: 0.00]
R:58	 [ 2.00,  6.00,  3.00,  3.00,  3.00,  1.00,  3.00,  D: 1.00]
R:59	 [ 2.00,  1.00,  1.00,  1.00,  1.00,  5.00,  4.00,  D: 0.00]
R:60	 [ 4.00,  4.00,  1.00,  1.00,  1.00,  3.00,  4.00,  D: 1.00]
R:61	 [ 4.00,  3.00,  4.00,  4.00,  3.00,  2.00,  3.00,  D: 0.00]
R:62	 [ 2.00,  1.00,  4.00,  4.00,  4.00,  3.00,  4.00,  D: 1.00]
R:63	 [ 2.00,  2.00,  2.00,  2.00,  1.00,  3.00,  4.00,  D: 1.00]
R:64	 [ 2.00,  3.00,  4.00,  3.00,  3.00,  3.00,  1.00,  D: 1.00]
R:65	 [ 4.00,  4.00,  4.00,  2.00,  2.00,  4.00,  5.00,  D: 0.00]
R:66	 [ 2.00,  4.00,  4.00,  5.00,  2.00,  3.00,  3.00,  D: 0.00]
R:67	 [ 1.00,  3.00,  4.00,  3.00,  3.00,  1.00,  3.00,  D: 0.00]
R:68	 [ 1.00,  4.00,  4.00,  2.00,  3.00,  3.00,  4.00,  D: 1.00]
R:69	 [ 4.00,  4.00,  5.00,  3.00,  3.00,  2.00,  4.00,  D: 0.00]
R:70	 [ 4.00,  4.00,  4.00,  2.00,  2.00,  5.00,  4.00,  D: 0.00]
R:71	 [ 4.00,  4.00,  4.00,  3.00,  3.00,  2.00,  3.00,  D: 0.00]
R:72	 [ 1.00,  4.00,  3.00,  2.00,  3.00,  4.00,  3.00,  D: 0.00]
R:73	 [ 2.00,  1.00,  1.00,  1.00,  1.00,  6.00,  4.00,  D: 1.00]
R:74	 [ 2.00,  6.00,  3.00,  2.00,  2.00,  3.00,  3.00,  D: 1.00]
R:75	 [ 4.00,  4.00,  5.00,  3.00,  3.00,  3.00,  4.00,  D: 1.00]
R:76	 [ 1.00,  4.00,  4.00,  2.00,  3.00,  4.00,  5.00,  D: 0.00]
R:77	 [ 2.00,  3.00,  4.00,  6.00,  3.00,  3.00,  3.00,  D: 0.00]
R:78	 [ 2.00,  5.00,  3.00,  4.00,  3.00,  2.00,  3.00,  D: 1.00]
R:79	 [ 2.00,  4.00,  5.00,  3.00,  3.00,  4.00,  5.00,  D: 1.00]
R:80	 [ 2.00,  3.00,  5.00,  3.00,  2.00,  4.00,  4.00,  D: 1.00]
R:81	 [ 1.00,  4.00,  3.00,  3.00,  3.00,  3.00,  4.00,  D: 0.00]
R:82	 [ 1.00,  3.00,  4.00,  2.00,  2.00,  5.00,  3.00,  D: 1.00]
R:83	 [ 2.00,  4.00,  4.00,  2.00,  3.00,  4.00,  3.00,  D: 1.00]
R:84	 [ 1.00,  4.00,  4.00,  3.00,  2.00,  3.00,  1.00,  D: 0.00]
R:85	 [ 2.00,  3.00,  3.00,  2.00,  2.00,  5.00,  6.00,  D: 1.00]
R:86	 [ 2.00,  4.00,  6.00,  5.00,  3.00,  1.00,  1.00,  D: 0.00]
R:87	 [ 2.00,  4.00,  5.00,  3.00,  2.00,  5.00,  6.00,  D: 1.00]
R:88	 [ 2.00,  4.00,  3.00,  3.00,  3.00,  3.00,  4.00,  D: 1.00]
R:89	 [ 5.00,  4.00,  3.00,  2.00,  2.00,  4.00,  4.00,  D: 1.00]
R:90	 [ 2.00,  4.00,  2.00,  2.00,  2.00,  5.00,  4.00,  D: 1.00]
R:91	 [ 2.00,  1.00,  1.00,  1.00,  2.00,  6.00,  4.00,  D: 1.00]
R:92	 [ 2.00,  3.00,  3.00,  2.00,  2.00,  6.00,  4.00,  D: 1.00]
R:93	 [ 2.00,  4.00,  4.00,  6.00,  3.00,  2.00,  3.00,  D: 1.00]
R:94	 [ 1.00,  4.00,  4.00,  2.00,  3.00,  3.00,  3.00,  D: 1.00]
R:95	 [ 1.00,  3.00,  4.00,  5.00,  5.00,  1.00,  3.00,  D: 0.00]
R:96	 [ 1.00,  3.00,  3.00,  3.00,  5.00,  3.00,  4.00,  D: 1.00]
R:97	 [ 2.00,  3.00,  4.00,  3.00,  2.00,  5.00,  4.00,  D: 1.00]
R:98	 [ 2.00,  6.00,  1.00,  2.00,  1.00,  3.00,  4.00,  D: 1.00]
R:99	 [ 1.00,  3.00,  4.00,  3.00,  3.00,  3.00,  2.00,  D: 0.00]
R:100	 [ 1.00,  5.00,  4.00,  3.00,  3.00,  3.00,  3.00,  D: 1.00]
R:101	 [ 2.00,  1.00,  2.00,  2.00,  2.00,  5.00,  5.00,  D: 1.00]
R:102	 [ 2.00,  3.00,  4.00,  3.00,  3.00,  4.00,  3.00,  D: 0.00]
R:103	 [ 4.00,  4.00,  4.00,  2.00,  3.00,  4.00,  3.00,  D: 1.00]
R:104	 [ 1.00,  3.00,  4.00,  2.00,  2.00,  6.00,  5.00,  D: 1.00]
R:105	 [ 1.00,  4.00,  6.00,  3.00,  3.00,  2.00,  2.00,  D: 0.00]
R:106	 [ 2.00,  2.00,  6.00,  6.00,  3.00,  1.00,  1.00,  D: 0.00]
R:107	 [ 2.00,  1.00,  1.00,  1.00,  2.00,  5.00,  4.00,  D: 1.00]
R:108	 [ 2.00,  3.00,  4.00,  3.00,  2.00,  4.00,  5.00,  D: 1.00]
R:109	 [ 1.00,  4.00,  3.00,  6.00,  5.00,  3.00,  3.00,  D: 0.00]
R:110	 [ 1.00,  3.00,  4.00,  3.00,  5.00,  2.00,  3.00,  D: 0.00]
R:111	 [ 2.00,  1.00,  3.00,  3.00,  2.00,  4.00,  4.00,  D: 1.00]
R:112	 [ 2.00,  4.00,  4.00,  2.00,  3.00,  3.00,  3.00,  D: 1.00]
R:113	 [ 1.00,  4.00,  4.00,  3.00,  5.00,  3.00,  3.00,  D: 0.00]
R:114	 [ 2.00,  4.00,  5.00,  3.00,  2.00,  4.00,  6.00,  D: 1.00]
R:115	 [ 2.00,  2.00,  1.00,  1.00,  3.00,  5.00,  5.00,  D: 1.00]
R:116	 [ 2.00,  5.00,  2.00,  2.00,  3.00,  3.00,  4.00,  D: 0.00]
R:117	 [ 2.00,  5.00,  4.00,  3.00,  3.00,  2.00,  3.00,  D: 1.00]
R:118	 [ 2.00,  4.00,  5.00,  3.00,  2.00,  4.00,  3.00,  D: 1.00]
R:119	 [ 2.00,  3.00,  4.00,  2.00,  2.00,  5.00,  4.00,  D: 1.00]
R:120	 [ 2.00,  2.00,  1.00,  1.00,  1.00,  3.00,  3.00,  D: 1.00]
R:121	 [ 4.00,  4.00,  3.00,  3.00,  3.00,  2.00,  3.00,  D: 1.00]
R:122	 [ 2.00,  4.00,  3.00,  3.00,  2.00,  3.00,  4.00,  D: 0.00]
R:123	 [ 2.00,  4.00,  5.00,  5.00,  3.00,  3.00,  3.00,  D: 0.00]
R:124	 [ 2.00,  5.00,  4.00,  5.00,  3.00,  2.00,  2.00,  D: 1.00]
R:125	 [ 2.00,  1.00,  3.00,  3.00,  2.00,  3.00,  4.00,  D: 1.00]
R:126	 [ 4.00,  3.00,  1.00,  1.00,  2.00,  4.00,  4.00,  D: 0.00]
R:127	 [ 1.00,  3.00,  4.00,  4.00,  4.00,  3.00,  4.00,  D: 0.00]
R:128	 [ 2.00,  4.00,  3.00,  2.00,  2.00,  5.00,  4.00,  D: 1.00]
R:129	 [ 2.00,  2.00,  4.00,  2.00,  1.00,  5.00,  6.00,  D: 0.00]
R:130	 [ 2.00,  3.00,  2.00,  2.00,  2.00,  6.00,  5.00,  D: 0.00]
R:131	 [ 4.00,  3.00,  3.00,  2.00,  3.00,  3.00,  4.00,  D: 0.00]
R:132	 [ 1.00,  3.00,  6.00,  5.00,  4.00,  1.00,  2.00,  D: 0.00]
R:133	 [ 2.00,  4.00,  4.00,  3.00,  3.00,  2.00,  3.00,  D: 1.00]
R:134	 [ 1.00,  4.00,  6.00,  4.00,  3.00,  1.00,  1.00,  D: 0.00]
R:135	 [ 2.00,  3.00,  6.00,  6.00,  2.00,  3.00,  3.00,  D: 1.00]
R:136	 [ 2.00,  4.00,  4.00,  3.00,  1.00,  4.00,  3.00,  D: 1.00]
R:137	 [ 1.00,  2.00,  2.00,  2.00,  3.00,  4.00,  4.00,  D: 0.00]
R:138	 [ 4.00,  3.00,  2.00,  1.00,  1.00,  4.00,  5.00,  D: 1.00]
R:139	 [ 2.00,  5.00,  1.00,  1.00,  1.00,  4.00,  4.00,  D: 1.00]
R:140	 [ 2.00,  3.00,  4.00,  5.00,  3.00,  2.00,  3.00,  D: 0.00]
R:141	 [ 4.00,  2.00,  3.00,  2.00,  1.00,  6.00,  6.00,  D: 1.00]
R:142	 [ 1.00,  3.00,  3.00,  2.00,  3.00,  4.00,  3.00,  D: 1.00]
R:143	 [ 2.00,  3.00,  5.00,  3.00,  2.00,  4.00,  3.00,  D: 1.00]
R:144	 [ 4.00,  4.00,  4.00,  2.00,  3.00,  3.00,  2.00,  D: 1.00]
R:145	 [ 2.00,  5.00,  1.00,  2.00,  1.00,  4.00,  4.00,  D: 1.00]
R:146	 [ 2.00,  3.00,  4.00,  4.00,  3.00,  2.00,  2.00,  D: 1.00]
R:147	 [ 2.00,  3.00,  3.00,  3.00,  3.00,  1.00,  2.00,  D: 0.00]
R:148	 [ 2.00,  3.00,  6.00,  6.00,  2.00,  3.00,  2.00,  D: 1.00]
R:149	 [ 1.00,  4.00,  4.00,  2.00,  2.00,  5.00,  5.00,  D: 1.00]
R:150	 [ 2.00,  4.00,  3.00,  2.00,  2.00,  4.00,  5.00,  D: 1.00]
R:151	 [ 2.00,  3.00,  3.00,  2.00,  3.00,  5.00,  5.00,  D: 1.00]
R:152	 [ 1.00,  3.00,  6.00,  3.00,  3.00,  4.00,  2.00,  D: 1.00]
R:153	 [ 2.00,  4.00,  1.00,  1.00,  2.00,  4.00,  3.00,  D: 0.00]
R:154	 [ 1.00,  3.00,  6.00,  3.00,  3.00,  4.00,  4.00,  D: 1.00]
R:155	 [ 2.00,  1.00,  4.00,  3.00,  2.00,  4.00,  4.00,  D: 1.00]
R:156	 [ 2.00,  3.00,  4.00,  3.00,  3.00,  1.00,  2.00,  D: 0.00]
R:157	 [ 2.00,  2.00,  4.00,  5.00,  2.00,  3.00,  3.00,  D: 0.00]
R:158	 [ 1.00,  3.00,  6.00,  3.00,  4.00,  3.00,  4.00,  D: 1.00]
R:159	 [ 2.00,  2.00,  3.00,  2.00,  3.00,  1.00,  4.00,  D: 1.00]
R:160	 [ 1.00,  4.00,  3.00,  3.00,  3.00,  3.00,  2.00,  D: 0.00]
R:161	 [ 4.00,  4.00,  4.00,  3.00,  3.00,  3.00,  3.00,  D: 1.00]
R:162	 [ 4.00,  4.00,  3.00,  2.00,  1.00,  4.00,  4.00,  D: 0.00]
R:163	 [ 1.00,  4.00,  6.00,  6.00,  4.00,  3.00,  1.00,  D: 0.00]
R:164	 [ 1.00,  3.00,  6.00,  4.00,  5.00,  1.00,  1.00,  D: 0.00]
R:165	 [ 2.00,  1.00,  3.00,  3.00,  2.00,  3.00,  1.00,  D: 0.00]
R:166	 [ 2.00,  4.00,  3.00,  2.00,  3.00,  3.00,  2.00,  D: 1.00]
R:167	 [ 1.00,  4.00,  4.00,  4.00,  3.00,  3.00,  4.00,  D: 0.00]
R:168	 [ 2.00,  4.00,  6.00,  6.00,  4.00,  1.00,  1.00,  D: 0.00]
R:169	 [ 2.00,  1.00,  3.00,  2.00,  2.00,  5.00,  4.00,  D: 1.00]
R:170	 [ 4.00,  5.00,  4.00,  5.00,  3.00,  2.00,  1.00,  D: 0.00]
R:171	 [ 2.00,  3.00,  3.00,  3.00,  2.00,  4.00,  1.00,  D: 0.00]
R:172	 [ 2.00,  1.00,  4.00,  3.00,  2.00,  5.00,  5.00,  D: 0.00]
R:173	 [ 2.00,  3.00,  4.00,  3.00,  3.00,  4.00,  5.00,  D: 0.00]
R:174	 [ 1.00,  3.00,  3.00,  2.00,  3.00,  3.00,  2.00,  D: 0.00]
R:175	 [ 4.00,  3.00,  4.00,  5.00,  2.00,  4.00,  1.00,  D: 1.00]
R:176	 [ 2.00,  3.00,  4.00,  3.00,  3.00,  5.00,  6.00,  D: 0.00]
R:177	 [ 1.00,  6.00,  4.00,  3.00,  3.00,  3.00,  3.00,  D: 0.00]
R:178	 [ 2.00,  4.00,  2.00,  2.00,  1.00,  4.00,  4.00,  D: 0.00]
R:179	 [ 2.00,  4.00,  6.00,  3.00,  3.00,  3.00,  4.00,  D: 0.00]
R:180	 [ 1.00,  4.00,  4.00,  3.00,  3.00,  2.00,  3.00,  D: 0.00]
